stereoCams = StereoCam()
stereoCams.cam1 = np.array([[ 1.,  0.,  0.],
       [ 0.,  1.,  0.],
       [ 0.,  0.,  1.]])
stereoCams.dist1 = np.array([ 0.,  0.,  0.,  0.,  0.])
stereoCams.cam2 = np.array([[ 1.,  0.,  0.],
       [ 0.,  1.,  0.],
       [ 0.,  0.,  1.]])

stereoCams.dist2 = np.array([ 0.,  0.,  0.,  0.,  0.])
stereoCams.R1 = np.array([[  9.99452264e-01,   3.30932063e-02,   1.05851788e-04],
       [ -3.30932030e-02,   9.99452269e-01,  -3.27048787e-05],
       [ -1.06876119e-04,   2.91839903e-05,   9.99999994e-01]])

stereoCams.P1 = np.array([[   1.        ,    0.        , -277.00475584,    0.        ],
       [   0.        ,    1.        ,  -28.21814486,    0.        ],
       [   0.        ,    0.        ,    1.        ,    0.        ]])

stereoCams.R2 = np.array([[  9.99082562e-01,   4.28254943e-02,   1.10502343e-04],
       [ -4.28254977e-02,   9.99082567e-01,   2.85885287e-05],
       [ -1.09176646e-04,  -3.32946183e-05,   9.99999993e-01]])

stereoCams.P2 = np.array([[   1.        ,    0.        , -277.00475584,  -10.83725243],
       [   0.        ,    1.        ,  -28.21814486,    0.        ],
       [   0.        ,    0.        ,    1.        ,    0.        ]])

stereoCams.Q = np.array([[  1.00000000e+00,   0.00000000e+00,   0.00000000e+00,
          2.77004756e+02],
       [  0.00000000e+00,   1.00000000e+00,   0.00000000e+00,
          2.82181449e+01],
       [  0.00000000e+00,   0.00000000e+00,   0.00000000e+00,
          1.00000000e+00],
       [  0.00000000e+00,   0.00000000e+00,   9.22743109e-02,
         -0.00000000e+00]])
 
stereoCams.R = np.array([[  9.99952573e-01,  -9.73919876e-03,  -2.02136752e-06],
       [  9.73919862e-03,   9.99952571e-01,  -6.14363371e-05],
       [  2.61961234e-06,   6.14137369e-05,   9.99999998e-01]])
 
stereoCams.T = np.array([[ -1.08273099e+01],
       [ -4.64110692e-01],
       [ -1.19754178e-03]])

stereoCams.K1 = np.array([[   1.        ,    0.        , -277.00475584],
       [   0.        ,    1.        ,  -28.21814486],
       [   0.        ,    0.        ,    1.        ]])

stereoCams.K2 = np.array([[   1.        ,    0.        , -277.00475584],
       [   0.        ,    1.        ,  -28.21814486],
       [   0.        ,    0.        ,    1.        ]])

stereoCams.E = np.array([[  1.04473072e-05,   1.16898221e-03,  -4.64110765e-01],
       [ -1.16912163e-03,   6.76608660e-04,   1.08273099e+01],
       [  3.58639359e-01,  -1.08313165e+01,   6.64252124e-04]])

stereoCams.F = np.array([[  1.57279244e-02,   1.75984716e+00,  -6.98696696e+02],
       [ -1.76005705e+00,   1.01860218e+00,   1.63000004e+04],
       [  5.39914508e+02,  -1.63060321e+04,   1.00000000e+00]])

stereoCams.M1 = np.array([[  1.48434924e+03,   0.00000000e+00,   9.58639447e+02],
       [  0.00000000e+00,   1.48407202e+03,   5.50575007e+02],
       [  0.00000000e+00,   0.00000000e+00,   1.00000000e+00]])

stereoCams.M2 = np.array([[  1.46949036e+03,   0.00000000e+00,   9.57055177e+02],
       [  0.00000000e+00,   1.47832996e+03,   5.50530011e+02],
       [  0.00000000e+00,   0.00000000e+00,   1.00000000e+00]])
